========================================================================================================================
序	评论ID		时	评论时间	订单ID				超时时长		配送时差	多久评	多久评	备注
------------------------------------------------------------------------------------------------------------------------
187	3608017670	23	1598379133
186	3608065689	29	1598388300
185	3608069042	17	1598389649	88679293878577399	13.76-40=0		3	3.24	105.9
184	3608087444	21	1598395220	88679293326089757	16.95-21=0		4	4.05	19.52
183	3608536915	34	1598411548
182	3608795819	35	1598414026
181	3609519639	39	1598420287
180	3609850119	41	1598425465
179	3610099385	39	1598430156	88679290561253256	39.28-52=0			-0.28	2633	1.83
178	3610140712	23	1598430905	88679291813194601	21.85-23		1	1.15	13.93
177	3610431631	0	1598435461																	配送时间为0？
176	3604073992	50	1598295725	88679291677285159	49.63-49.02=1		0.37	18.13
175	3604383411	32	1598322113	88679290890902196	28.92-40=0		3	3.08	5.7				延迟显示评价商品：>=26.57分钟
174	3604518979	21	1598324558	88679292118209784	20.27-40=0		1	0.73	3.57
173	3604941326	36	1598328631	88679292474991043	34.55-36=0		1	1.45	7.08
172	3605138294	48	1598330167	88679292665365337	44.82-48=0		3	3.18	14.13
171	3605224517	73	1598330860	88679290472979596	72.7-65=8			0.3		8.58
170	3605245058	62	1598331033	88679292274562704	58.75-40=19		3	3.25	13.9
169	3606152060	13	1598344263	88679291887479473	11.6-40=0		1	1.4		7.68
168	3606232113	18	1598345693	88679293898028505	13.65-40=0		4	4.35	4.48
167	3607111412	44	1598357366	88679291841566617	41.77-40=2		2	2.23	10232	7.11
166	3607205244	51	1598358644
165	3607623245	35	1598365719
164	3597145735	40	1598154600	88679293319155820	36.17-40=0		4	3.83	7264	5.04
163	3600220757	27	1598200297
162	3600285115	28	1598203785
161	3600319834	32	1598206749	88679293102964850	29.65-46=0		2	2.35	12.35
160	3600435635	68	1598227433	88679291149236594	64.75-40=25		3	3.25	2.18
159	3601668274	55	1598246495	88679290360079691	44.27-40=5		11	10.73	4.75			配送时间计算相差11分钟
158	3601965769	39	1598250667	88679293854998908	34.27-40=0		4	4.73	3.82
157	3602661152	31	1598263183	88679293341632103	31.2-40=0			-0.2	1760	1.22
156	3603257648	24	1598271023	88679290541621250	19.98-47=0		4	4.02	7975	5.54
155	3603518378	20	1598275413	88679293386774223	16.97-40=0		3	3.03	491.7
154	3603907979	48	1598284778	88679294176103973	46.95-61=0		1	1.05	30.58
153	3596489957	38	1598137127	88679292476298794	34.02=40=0		4	3.98	7.92
152	3596808369	51	1598150438	88679292742235259	47.13-41=7		4	3.87	4.97			延迟显示评价商品：>=13.4分钟
151	3597168513	23	1598154806	88679293091803107	18.8-40=0		4	4.2		12.95
150	3597179082	37	1598154901
149	3597271656	35	1598155708	88679292708853684	33.87-40=0		1	1.13	20.03
148	3597494955	32	1598157578	88679291624344390	28.72-40=0		3	3.28	62.85
147	3597990834	33	1598162858	88679291346917325	28.88-40=0		4	4.12	12.07
146	3598157787	27	1598165488
145	3599272818	56	1598181868	88679292840903245	51.75-50=2		4	4.25	4263	2.96
144	3599274243	46	1598181886	88679292173841887	42.37-46=0		4	3.63	8624	5.99
143	3599362080	49	1598182987	88679290180074891	44.7-40=5		4	4.3		27.82
142	3599959098	36	1598193001	88679293871876947	36.38-40=0			-0.38	3870	2.69
141	3600053844	39	1598195195
121	3592540794	25	1598029614	88679293089632125	22.13-40=0		3	2.87	7735	5.37
120	3592947077	18	1598063379	88679292011040185	15.95-40=0		2	2.05	8107	5.63
119	3593314830	32	1598068247
118	3593399752	50	1598069001
117	3593569535	37	1598070415	88679290275958126	36.5-45=0			0.5		2.52
116	3593898215	34	1598073420
115	3595000915	45	1598091055	88679293304657349	45.08-40=6			-0.08	1481	1.03
114	3595238604	31	1598093978
113	3595355755	58	1598095430	88679291091703748	55.85-40=16		2	2.15	16.43
112	3595389960	45	1598095875
111	3595391638	42	1598095896	88679292245165932	41.6-40=2			0.4		1812	1.26
110	3595462823	39	1598096823
109	3595677026	32	1598099878	88679292086419988	22.55-40=0		9	8.45	156.5			配送时间计算相差9分钟
108	3595986138	27	1598105576
107	3589982440	24	1597985580	88679290661019997	22.77-42=0		1	1.23	2895	2.01
106	3589308082	39	1597979915	88679293467950645	34.93-40=0		4	4.07	992.8
105	3589417182	18	1597981010
104	3589461721	22	1597981420	88679292623184363	17.57-40=0		4	4.43	1148
103	3589618784	17	1597982743
102	3589681050	32	1597983221	88679291436352694	30.87-40=0		1	1.13	5.22
101	3590461887	33	1597991579	88679290802511030	29.07-40=0		4	3.93	32.08
100	3591177772	20	1598004183	88679294104073005	16.18-40=0		4	3.82	12.02
99	3591232961	59	1598004912
98	3591393351	55	1598006929
97	3591413216	31	1598007179
96	3591491998	29	1598008173	88679290172538673	25.13-40=0		4	3.87	13.28
95	3584812922	44	1597855142	88679290066038059	41.32-44=0		3	2.68	22.57
94	3584950431	37	1597872117	88679292677733532	35.18-40=0		2	1.82	34.15
93	3585722205	42	1597896009	88679291000512031	42.27-41=2			-0.27	10.45
92	3585850084	412	1597896983	88679290075602343	408.70-422.42=0	4	3.3		40.1
91	3585975524	140	1597897919	88679292011786547	136.65-150.45=0	3	3.35	955.8
90	3586001249	41	1597898115	88679290908368516	39.25-40=0		2	1.75	42.75
89	3586085612	55	1597898777	88679294110288693	53.30-46=8		2	1.7		28.65
88	3586214287	47	1597899883
87	3586286390	136	1597900583	88679292769130430	135.1-146.55=0	1	0.9		1198
86	3586949161	31	1597911264
85	3587881018	39	1597924413
84	3588126252	41	1597928072	88679292884831435	40.52-40=1			0.48	1505	1.05
83	3588318578	63	1597931684	88679293560493064	60.57-55=6		2	2.43	17.27
82	3588518881	42	1597936235	88679293456420143	38.5-48=0		3	3.5		7179	4.99
81	3588551995	18	1597937086	88679291613437106	17.15-40=0		1	0.85	1096
------------------------------------------------------------------------------------------------------------------------
176	3604073992	50	1598295725	88679291677285159	49.63-49.02=1		0.37	18.13			进位、舍入
170	3605245058	62	1598331033	88679292274562704	58.75-40=19		3	3.25	13.9			进位、舍入
160	3600435635	68	1598227433	88679291149236594	64.75-40=25		3	3.25	2.18			进位、舍入
159	3601668274	55	1598246495	88679290360079691	44.27-40=5		11	10.73	4.75			进位，配送时间计算相差11分钟
152	3596808369	51	1598150438	88679292742235259	47.13-41=7		4	3.87	4.97			进位，延迟显示评价商品：>=13.4分钟
145	3599272818	56	1598181868	88679292840903245	51.75-50=2		4	4.25	4263	2.96	进位、舍入
143	3599362080	49	1598182987	88679290180074891	44.7-40=5		4	4.3		27.82			进位、舍入
115	3595000915	45	1598091055	88679293304657349	45.08-40=6			-0.08	1481	1.03	进位
113	3595355755	58	1598095430	88679291091703748	55.85-40=16		2	2.15	16.43			进位、舍入
111	3595391638	42	1598095896	88679292245165932	41.6-40=2			0.4		1812	1.26	进位、舍入
89	3586085612	55	1597898777	88679294110288693	53.30-46=8		2	1.7		28.65			进位
84	3588126252	41	1597928072	88679292884831435	40.52-40=1			0.48	1505	1.05	进位、舍入
83	3588318578	63	1597931684	88679293560493064	60.57-55=6		2	2.43	17.27			进位、舍入
========================================================================================================================